872821088
872821098
872821472
872820985
872817811
872821333
872821228
872821185
872821702
872820989
872821142
872820979
872817540
872821112
872818551
872821058
872821670
872820916
872821583
872821627
872821477
872821172
872821150
872820991
872821229
872820235
872817660
872821326
872820969
872820970
872821024
872821597
872821350
872820910
872821494
872821152
872821438
872821663
872821055
872821490
872820982
872821195
872820931
872821474
872821078
872820897
872821053
872821691
872820947
872821693
872820964
872821618
872821624
872821084
872820907
872821147
872817591
872821192
872821080
872820894
872821643
872821619
872821202
872821440
872820893
872821030
872821606
872821580
872821028
872821309
872821672
872821308
872821374
872821479
872821552
872821632
872821025
872821209
872821559
872821377
872820767
872821456
872821608
872821455
872821010
872821121
872821036
872821550
872821557
872820937
872820539
872821375
872821368
872821253
872821323
872821546
872821548
872821371
872821402
872821283
872821499
872821099
872821067
872821574
872821537
872821439
872821176
872820936
872820782
872817358
872821057
872821650
872821467
872821367
872821101
872821140
872821270
872821175
872821325
872821026
872821083
872820986
872819298
872817715
872818744
872821545
872819377
872819389
872821435
872817872
872821278
872821376
872821528
872821262
872821077
872821458
872821572
872821596
872821282
872821353
872821082
872817961
872821692
872821257
872818244
872821120
872821432
872821126
872821567
872821404
872820498
872820904
872821555
872820950
872820997
872821536
872817754
872821303
872820998
872821266
872821363
872821305
872821648
872821117
872821668
872821085
872821339
872821180
872817712
872821033
872820446
872820953
872817764
872821184
872821428
872821056
872820983
872821021
872820903
872821498
872821183
872818329
872821348
872818089
872821547
872818487
872821050
872821288
872821469
872821276
872821575
872821048
872820966
872821626
872820957
872821637
872821603
872821210
872821111
872821267
872821108
872821128
872821119
872819759
872821012
872818080
872821383
872821336
872821549
872821093
872821327
872821468
872820378
872821598
872821032
872821110
872821047
872821018
872821115
872821459
872821587
872820918
872818558
872821259
872820930
872817473
872821349
872821640
872818828
872817649
872819781
872821651
872821493
872820965
872821649
872821194
872821352
872821310
872821485
872820994
872821652
872821647
872820929
872818062
872821255
872821355
872821638
872821497
872821562
872820954
872821091
872819464
872820676
872821558
872821094
872821086
872821052
872821365
872821457
872821509
872821517
872821448
872821514
872821532
872821530
872821508
872821504
872821506
872821523
872821521
872821525
872821452
872821450
872821446
872821444
872821324
872821130
872821060
872820958
872821008
872821636
872815275
872820943
872820898
872821269
872821551
872821639
872821341
872821081
872821480
872820963
872821023
872821561
872821062
872821340
872821196
872821066
872819527
872821436
872821473
872820270
872820198
872820556
872817797
872820220
872819629
872820264
872820282
872819152
872820742
872820774
872820175
872817933
872820208
872817447
872820171
872820380
872820640
872820638
872819754
872820327
872820469
872810756
872820372
872820874
872820818
872814462
872820141
872820687
872820407
872820566
872820140
872820203
872820299
872820609
872820297
872820445
872819557
872820236
872820423
872820654
872820323
872820691
872818948
872820565
872820632
872820123
872820650
872820424
872820671
872820807
872820448
872820397
872820744
872820690
872820856
872820816
872820703
872820867
872820234
872820174
872820875
872820353
872820163
872820509
872820797
872820755
872819500
872820787
872820635
872819497
872818056
872820385
872820361
872819496
872820582
872820196
872820360
872820132
872820213
872820348
872820780
872819524
872820525
872820871
872820784
872820598
872820463
872820845
872820354
872819706
872820411
872813113
872818894
872820391
872818669
872820595
872819285
872820359
872820761
872820427
872817812
872820505
872820762
872820863
872820815
872819582
872820859
872820079
872820615
872820324
872819567
872817940
872820641
872820400
872820636
872820588
872820206
872820362
872820522
872820284
872819289
872820716
872820656
872820613
872820121
872820375
872820719
872819800
872820506
872818051
872818824
872820842
872820167
872819046
872818407
872820335
872820373
872820772
872820634
872815823
872820197
872820492
872820501
872820880
872820858
872820535
872819639
872820631
872820655
872820200
872820841
872818523
872820305
872820536
872820249
872820131
872820339
872820363
872820534
872820512
872820679
872820890
872820518
872820298
872819161
872820355
872820580
872820138
872820783
872820230
872820383
872819679
872820415
872820504
872820581
872820570
872820295
872820673
872820544
872820328
872820766
872818343
872820584
872819344
872818110
872820155
872820589
872820177
872820523
872820521
872820781
872820806
872820864
872820392
872820526
872820804
872820466
872820390
872820338
872819446
872820545
872820212
872820428
872819448
872820419
872820659
872820093
872820250
872820681
872820768
872820699
872818434
872820447
872814954
872820765
872820296
872820881
872820280
872820497
872818092
872820571
872820365
872820820
872820122
872820429
872820377
872819155
872820763
872820119
872820847
872820702
872820683
872820808
872819525
872820661
872820872
872820583
872819542
872820684
872820682
872820251
872820263
872820773
872818632
872820568
872820510
872820467
872820516
872820778
872817270
872820777
872820876
872820520
872820696
872820246
872820891
872820468
872820672
872820398
872820242
872820389
872820333
872820232
872820610
872820591
872819595
872817580
872820771
872820384
872820586
872820124
872820514
872820854
872819658
872820853
872820810
872820431
872820464
872820675
872820697
872820752
872820865
872820868
872820507
872820569
872817575
872817621
872820658
872820432
872820300
872820546
872820433
872819159
872820866
872820329
872820688
872820678
872820449
872820611
872820247
872820410
872820303
872820557
872820187
872820587
872820134
872820115
872820304
872820491
872820798
872820743
872820077
872820785
872820269
872820817
872819236
872815489
872819081
872820833
872819832
872820805
872820382
872820283
872820320
872819666
872820532
872820734
872820157
872820644
872820503
872820347
872820637
872820645
872820164
872820594
872820158
872820260
872820643
872819234
872820168
872820434
872820252
872820712
872820877
872820770
872820680
872820733
872819914
872820731
872820183
872820860
872820517
872820723
872820592
872817968
872817170
872820223
872819833
872818191
872820567
872820182
872820695
872818746
872819580
872820161
872820399
872820647
872820244
872820572
872820356
872820732
872820508
872820686
872819597
872820593
872820394
872820500
872820612
872820756
872818699
872815474
872820254
872820861
872820862
872820760
872818906
872820718
872818630
872820657
872820259
872820538
872819556
872820590
872820288
872820809
872819293
872820574
872819105
872818518
872820846
872818451
872817444
872820128
872818917
872820417
872820413
872820478
872820496
872820519
872820674
872820408
872820207
872820670
872817177
872820614
872819705
872820717
872820786
872820715
872819144
872820202
872820160
872820199
872820219
872820169
872820711
872820796
872820836
872818538
872820489
872818243
872820209
872820243
872820224
872820677
872820873
872818120
872818271
872818396
872820597
872817820
872820184
872820465
872820186
872820470
872820575
872820513
872820301
872820170
872814304
872818367
872820231
872820178
872820381
872820097
872820848
872819921
872820285
872817100
872820653
872820205
872820490
872820326
872820499
872820537
872820332
872820258
872819442
872819491
872819603
872820758
872818571
872818969
872820779
872819290
872820387
872820137
872820652
872820493
872819835
872820388
872820694
872820633
872820843
872820511
872820764
872810852
872820395
872820287
872819682
872820558
872820585
872820173
872817858
872820713
872819924
872820159
872820803
872820334
872820101
872819049
872819936
872817051
872819131
872819271
872818127
872819749
872819688
872817950
872817978
872819821
872820095
872819056
872818477
872819619
872819683
872819416
872819484
872819559
872819923
872819702
872819283
872819768
872819181
872819470
872819459
872819680
872819250
872819734
872820112
872819697
872819611
872819426
872819558
872819654
872819428
872819631
872819782
872819262
872819127
872819306
872819461
872819405
872819128
872819063
872818432
872819613
872819331
872819372
872819757
872819201
872819141
872820089
872817772
872819601
872819295
872817873
872819659
872819495
872819286
872819758
872817808
872815970
872818949
872818260
872819610
872820083
872820094
872819812
872819523
872819607
872818943
872819288
872818570
872819709
872819703
872819842
872819253
872818938
872819180
872819294
872819272
872816067
872819566
872819499
872818935
872817782
872819668
872819249
872819148
872819008
872819801
872819704
872819033
872819507
872817348
872819474
872819728
872819258
872819475
872819827
872819126
872820120
872819547
872819197
872819420
872819418
872819745
872819509
872819541
872819415
872819673
872818449
872818739
872818966
872819543
872819664
872819380
872819308
872819686
872819528
872819633
872819452
872819505
872819913
872819494
872819441
872819259
872819735
872820081
872819661
872819510
872819674
872819476
872819423
872819836
872818860
872818941
872819554
872819223
872819602
872819395
872819009
872820096
872819361
872819330
872819519
872819280
872817732
872819508
872819750
872819809
872819151
872819396
872817939
872819584
872819780
872819690
872819162
872819563
872819653
872817569
872819799
872818818
872819630
872819802
872819376
872818131
872815486
872819681
872819657
872819137
872819649
872819498
872820105
872819747
872817648
872819339
872818444
872818965
872818975
872818846
872819366
872818895
872819692
872818532
872817824
872819608
872819590
872816545
872819414
872819332
872819506
872819669
872818785
872820110
872819312
872819922
872819214
872818934
872819822
872819581
872819053
872819447
872818460
872819375
872819313
872819933
872819142
872819034
872818340
872818915
872819016
872819383
872819000
872814454
872819656
872819166
872819465
872819520
872819012
872819362
872819707
872820100
872819368
872819770
872817966
872819451
872820114
872818084
872819729
872819752
872819598
872819260
872819727
872819776
872819444
872819806
872819329
872818557
872819062
872819136
872819244
872819561
872819245
872820082
872819385
872819487
872819413
872819232
872819248
872819755
872819296
872819538
872819743
872818375
872819700
872819638
872819605
872819667
872819599
872819606
872819805
872819515
872819512
872819287
872819744
872819106
872819761
872815852
872820107
872814830
872819255
872819230
872819284
872817806
872818835
872819486
872819200
872817799
872818695
872820179
872819100
872819224
872819390
872819427
872819369
872819404
872819917
872819246
872819445
872819777
872817277
872819615
872818777
872819935
872819636
872819163
872819066
872818778
872819300
872819934
872818940
872819149
872819560
872819297
872817620
872819501
872817357
872819632
872819532
872819502
872819278
872819737
872819397
872819533
872819816
872817650
872819778
872819839
872819831
872819196
872819694
872819399
872819588
872814317
872819270
872818055
872819637
872819147
872818861
872819199
872818970
872819391
872819483
872819247
872819466
872819007
872819604
872819844
872817909
872819652
872819708
872817924
872819671
872816176
872819085
872818515
872819398
872818207
872819165
872819103
872819102
872819371
872819143
872817273
872817617
872817852
872817883
872819578
872819381
872818514
872819215
872819579
872820113
872819327
872818854
872819642
872818892
872819733
872819229
872819775
872819621
872819549
872819938
872818083
872819168
872819410
872819130
872819478
872819348
872819382
872819186
872819235
872819422
872819676
872817383
872819609
872819454
872819513
872819282
872819342
872819345
872819065
872817156
872818464
872819641
872819307
872819545
872819458
872814801
872819662
872819029
872819623
872818734
872818950
872819699
872819738
872819402
872817123
872801016
872819231
872819364
872819384
872819469
872819217
872817766
872817830
872818980
872819722
872818082
872819256
872819251
872818732
872819264
872818707
872818526
872819736
872817998
872819138
872819305
872819277
872819216
872817969
872819082
872819468
872819195
872819045
872815549
872819219
872819140
872819518
872818391
872818184
872818849
872819453
872818794
872819225
872818737
872820088
872818841
872817497
872817979
872819409
872817949
872819054
872819462
872819589
872819052
872818007
872819212
872818368
872819723
872819837
872818232
872817336
872819808
872819379
872819838
872818864
872819535
872819252
872818011
872819164
872819586
872819600
872819430
872819655
872819937
872819425
872819526
872819303
872819762
872817184
872819731
872819412
872819811
872819403
872820116
872819691
872818671
872819388
872815495
872819432
872819663
872820108
872819701
872819456
872819411
872817134
872817386
872818292
872817993
872818478
872817506
872818855
872818789
872817455
872817280
872818486
872817934
872817926
872811277
872817005
872817902
872818793
872818177
872817962
872818759
872817074
872818640
872818457
872815037
872816999
872816883
872817138
872818086
872817791
872817763
872801133
872818629
872818380
872818040
872817425
872816529
872810894
872817972
872816785
872817884
872818129
872818320
872818137
872817104
872817139
872818454
872817178
872818884
872818730
872817601
872817526
872817367
872818135
872818863
872817964
872818087
872818420
872816850
872817122
872817771
872816946
872818520
872817668
872817885
872817996
872817994
872817073
872818608
872818628
872818379
872815687
872818203
872817227
872818897
872818801
872815032
872818333
872818229
872818440
872818660
872817600
872812870
872818262
872817810
872818492
872818005
872818447
872818549
872818891
872818176
872811084
872815803
872818267
872818195
872818799
872817477
872815632
872818453
872817965
872818519
872817747
872818662
872818476
872817185
872818564
872815893
872818365
872818384
872818610
872818826
872816867
872818113
872818042
872818004
872815961
872817821
872818844
872818613
872818668
872818409
872818591
872818491
872818654
872817855
872818458
872818689
872818852
872818065
872818058
872817503
872818563
872818245
872817342
872818412
872817485
872814192
872818410
872817346
872818525
872818926
872817522
872818690
872817577
872818531
872818112
872817941
872817889
872817279
872815771
872816861
872810345
872817003
872817102
872818194
872817155
872818688
872817381
872818041
872817271
872818927
872815128
872818466
872817983
872811282
872817471
872818376
872818685
872817523
872818795
872817345
872818411
872817542
872817089
872815402
872818589
872817456
872818842
872814511
872818567
872818751
872817696
872813804
872817332
872817448
872817463
872816703
872817481
872818692
872818735
872817335
872817427
872812964
872817990
872818016
872817527
872818889
872817901
872817937
872817663
872817989
872816037
872817669
420238976
420255254
902276307
499018619
456023311
456013913
552027693
499075793
556296081
902196724
456017659
902339544
872818840
872818149
872817910
872818228
872818708
872814858
872818929
872818148
872818381
872818489
872818494
872816227
872818784
872817735
872817875
872817334
872817758
872817827
872817544
872818010
872817711
872817947
872815265
872818850
872818012
872818643
872818437
872817076
872817888
872818696
872814477
872818395
872818190
872817029
872817963
872817391
872818063
872817157
872818673
872818182
872817476
872817093
872817576
872818197
872818295
872817832
872817741
872817505
872816920
872818733
872816625
872818208
872818392
872818331
872815739
872813099
872816716
872810840
872818111
872817670
872816915
872818417
872818529
872816003
872818820
872818406
872814703
872817927
872818315
872817798
872817793
872817132
872817911
872817350
872814754
872817154
872818896
872815606
872817483
872818335
872815050
872817719
872817616
872817152
872815498
872818905
872818325
872817136
872817430
872814540
872818270
872818474
872818839
872817494
872818054
872818192
872817464
872818227
872818584
872818749
872817363
872817099
872817131
872818038
872813790
872818644
872814797
872818178
872818639
872818269
872818413
872818539
872818369
872818455
872817094
872818431
872818831
872818853
872817172
872817072
872817574
872818633
872817880
872818928
872818657
872818664
872817762
872817938
872817582
872818317
872818572
872818731
872818225
872816666
872817468
872818461
872817171
872814559
872817948
872818488
872817898
872818760
872817432
872818196
872818627
872817389
872818456
872817140
872818626
872817654
872818465
872817914
872818334
872818568
872810652
872817095
872817176
872817817
872818183
872817174
872818123
872818615
872818800
872818554
872817935
872818294
872818459
872817683
872817718
872818880
872814760
872818015
872818416
872818513
872817085
872818792
872818272
872817049
872818189
872817899
872818039
872818128
872817370
872811272
872817725
872818790
872818091
872817583
872817745
872818328
872818415
872817065
872818750
872817000
872818155
872818433
872818758
872817850
872817388
872817378
872818779
872818140
872817734
872818592
872817594
872817387
872817774
872818822
872818552
872818888
872817537
872818780
872817340
872818536
872817982
872817586
872816678
872817930
872817743
872817282
872818326
872818371
872817124
872818354
